.Random.seed <-
c(403L, 10L, 1368884731L, 614812106L, 1501144876L, 30471983L, 
-630090267L, 1607284892L, -1908118286L, 708650349L, 560734887L, 
1970195662L, -1777491416L, -864218581L, 1250342985L, -1411962536L, 
-758681594L, 1727504865L, -104199309L, -843022366L, 607770452L, 
-691234217L, -2047288755L, -1238917660L, 559364042L, 1212684853L, 
873488527L, 608764310L, -623485632L, -240578557L, -642395615L, 
-1235438320L, 1943173870L, 1406764697L, -316086485L, -1782341094L, 
1601134812L, -345252641L, 177220277L, 1943624780L, -375537502L, 
1721573373L, -1348510473L, -1673303522L, -914938664L, -1463289797L, 
-832167463L, -270239896L, -541721962L, -550747119L, -781093437L, 
1373002194L, 1756450916L, 680136615L, 984236285L, -711150348L, 
-249343014L, 1412630309L, -969011649L, -358910522L, -698133936L, 
-2006929805L, -712957295L, -1005888832L, -1056047970L, -2094321559L, 
723070107L, -1680349782L, -1859811892L, 1185966223L, -818992955L, 
-1735661444L, 2146804946L, -1901478835L, -366039801L, 104386798L, 
-522124856L, -1852651829L, -742320343L, 949854072L, 74630310L, 
-680819007L, -455966893L, -780354558L, 543099188L, 569541303L, 
194748077L, -2002939964L, -1612384278L, 1282185301L, -118454801L, 
-612504074L, 566500128L, 131249379L, 1500262785L, 1254705136L, 
998303374L, -1193604615L, 1809662859L, 861245370L, -1299210564L, 
49755647L, -1989987499L, 642122860L, -1060020030L, 1952252701L, 
1695308183L, -1606065922L, 158945976L, -1639609189L, 449108729L, 
-255783864L, -1880625290L, -392758607L, 1579358947L, -1900013134L, 
959400452L, 11936071L, -1956574179L, -1464712556L, 1603250746L, 
1359733893L, -1615505057L, -1180067354L, 623896688L, -1280181357L, 
684190769L, -2102074656L, -1400474754L, 1693493769L, 1805902395L, 
-252666870L, -193756180L, 1694804079L, 1776306085L, -642560164L, 
-186445006L, -670492115L, 1988630759L, -460785138L, 1820747752L, 
129661419L, 1670965897L, 1281999384L, 784525638L, -388315231L, 
-1149744589L, -112400478L, -956112236L, 1864120599L, -2030426355L, 
1291132452L, 1242662410L, -2077966475L, -1793160497L, -1050292778L, 
1244086656L, 299637187L, -731295903L, 775288272L, 307356974L, 
-901458727L, 1447669483L, -1956557990L, 740076828L, -2111214561L, 
-1191128971L, 218778892L, -309190430L, -2062587459L, -803344841L, 
1174095070L, -941064168L, 1817526139L, -762011879L, -621108312L, 
-1206529194L, 1743375313L, -1502306429L, -1489245678L, -364667484L, 
273787239L, 185956029L, -1343988172L, 1239418266L, 781361637L, 
1720257919L, 212051206L, -1316340080L, 2027779891L, 4146385L, 
-1875083648L, -1667791010L, 1187095721L, 1217173339L, 882748778L, 
512368652L, -1465198513L, -698167035L, -1604392516L, 1064762514L, 
-1516533875L, 1490059207L, -1971444562L, -880442104L, 1383510795L, 
-1868915223L, 2006969016L, 1656139110L, 23750145L, 876417171L, 
1144449858L, 1939776756L, -1309699849L, 614680813L, -6296700L, 
-1253366358L, -792347883L, -791828049L, 399337910L, -1332457504L, 
-1945231581L, 2048200769L, 1738492720L, 1907310926L, -857918535L, 
-1235343925L, 1963939450L, 79190908L, 601514514L, -1732283520L, 
1912714772L, -1578768856L, -2095411910L, -1524582960L, -1375592340L, 
-2047281868L, 294617746L, -101152928L, -930594996L, 1108656096L, 
248802210L, 232668072L, -1182942836L, -1247382340L, -1064672910L, 
1396646128L, 213655620L, 942050648L, -282156486L, 92057456L, 
94346300L, -1071408364L, 1407653314L, -97818912L, -1342336132L, 
862491344L, -1342053214L, 1841514536L, 1675090188L, -882277444L, 
-1794566862L, 307769792L, 1223733812L, 1778042824L, 1493177530L, 
-1855546992L, -1103060500L, -2079306156L, -142586734L, 810654496L, 
-1808297524L, 1524125152L, -2974014L, 1281400872L, -186356052L, 
791695548L, -953846286L, -307671760L, 1355969700L, -1535077704L, 
1719380314L, 705204624L, -2053456004L, -608741100L, -472514750L, 
2032369408L, -1787657284L, 1068632912L, -130232542L, 1860142408L, 
-376838644L, 462893148L, 1350645970L, 1153934848L, -924260012L, 
-1692174872L, -1994664966L, 636304592L, 1409706284L, 906942196L, 
-1470024302L, -1574854560L, -1364351732L, 1947964128L, -497527454L, 
-470299992L, 395342412L, 681799036L, -1931620046L, 113155184L, 
1382228804L, -901801512L, 371813498L, 1089297968L, -1536920900L, 
-1486746796L, -1167392702L, 7702944L, 1480242876L, -1819806256L, 
1914441058L, -1424310296L, 1217531852L, 619485948L, 669060594L, 
-1058880384L, -974962444L, -1673518456L, -557423814L, -609697968L, 
-2040204692L, -942475116L, 1569546578L, 829204192L, 636239564L, 
835748000L, 554207106L, 153659112L, -755114260L, 1703329852L, 
1054633586L, 230956144L, 1330790948L, -635981768L, -307980262L, 
1501042384L, 835181628L, -66485100L, -1784190846L, 240521152L, 
720472380L, 1273597584L, 626051106L, 693340168L, -1093108596L, 
-1309928420L, 339296914L, 6033536L, -543579116L, -1970437848L, 
1036876346L, 1900123344L, -592593812L, 1950981812L, 1060628498L, 
56963040L, 1166109644L, -590068256L, 1300429346L, -620595928L, 
2053565708L, 772490812L, -2099832590L, 1260275440L, -1668063420L, 
-834927016L, -1850742214L, -844787984L, 304887996L, 1476065812L, 
-1689944894L, 2034420832L, 2059119996L, -1703266096L, -1332220894L, 
-2041878872L, 759196556L, 1621300668L, 662086706L, 2139639616L, 
1152246964L, 998006600L, -686288198L, -91914480L, -881261332L, 
589909076L, -620089582L, -888504416L, -1385888820L, -209331360L, 
-1629829950L, 1924578856L, -1506148948L, -396416196L, -1763715214L, 
184418096L, -2019174876L, -1209603016L, 1069213914L, 1291386256L, 
325868284L, -180583532L, 1091428162L, -1544722944L, -1884524996L, 
-1499033008L, 1749941922L, 2029972296L, -1689329140L, -1488693028L, 
171514450L, -1660848000L, 1269064532L, 594349544L, -338620678L, 
1379863376L, 297798700L, 1608866164L, 256169618L, 76512864L, 
-980330868L, -1550772384L, -793795870L, -1284157272L, 300424396L, 
-1142869508L, 1044531122L, -340252176L, 1551373764L, 1795978072L, 
247222138L, 860218800L, -1725203012L, 209235028L, -480940094L, 
-686639328L, -1594702916L, 916307536L, 246053346L, -506452632L, 
550425932L, 645668092L, -1378614542L, -723539200L, 175459956L, 
-478024283L, -1711937873L, -1938628760L, -1606683834L, 1095336691L, 
-1251861419L, 1720193074L, -479195648L, -1021182231L, -530432677L, 
1192734636L, 1643328442L, -650564241L, 1550403321L, 1592295310L, 
-1403479460L, 1805940941L, 1540302903L, -188435776L, 583214494L, 
1785079403L, 1407155693L, -639005606L, -177587432L, -2083626879L, 
-1231301069L, 633236564L, 1698596962L, 1946762999L, 1149997377L, 
-518649914L, -477086460L, 1902425269L, 1332794271L, -563930120L, 
292967894L, -32363421L, -850700251L, 1114070978L, -121260880L, 
1634959577L, 1041978955L, 109104316L, 1336603370L, 1501188895L, 
1522473897L, 1153658174L, 1974162476L, 801124989L, -1513624377L, 
-1995245136L, -305609778L, -1812913925L, 280586077L, 1548354698L, 
-1425223000L, 584990225L, 540143363L, 424299012L, 416346674L, 
729404039L, 832710353L, 1275236438L, 917991476L, -1895214267L, 
526213519L, 792938760L, -607317210L, 1358801875L, 227331381L, 
-862810990L, 2045314144L, 1702928841L, -1741629189L, 740124364L, 
934796122L, 20946511L, -747381991L, -289282770L, 2122686268L, 
2087214253L, 1129860951L, -824409440L, -1165243394L, -1248433461L, 
253914317L, 1544777722L, -1681243080L, 1298114017L, 683970195L, 
-614376268L, -1196177982L, -1000745513L, -592561631L, -1648760346L, 
1044381924L, -993320939L, -1408335809L, 1636061144L, -2089831946L, 
1893356035L, -1136425659L, 2081018210L, -1820820784L, -1276242439L, 
1876303147L, -298303844L, 831565002L, -1710307905L, 840489225L, 
398506526L, 1116239820L, -1715165795L, 157319207L, -431854000L, 
-96331026L, 498107291L, 1434423805L, -1545673494L, -185438328L, 
1802004785L, 1041111459L, -1242116700L, 362557522L, -505158745L, 
1479210993L, 773116726L, -689512492L, -1762155163L, 657803631L, 
1145844648L, -403597050L, -184387533L, 1653870229L, 1350698738L, 
37984064L, -1270872919L, 1735899419L, -1224638740L, -301063430L, 
